/*--------------------------------*- C++ -*----------------------------------*\
| =========                 |                                                 |
| \\      /  F ield         | OpenFOAM: The Open Source CFD Toolbox           |
|  \\    /   O peration     | Version:  2.3.1                                 |
|   \\  /    A nd           | Web:      www.OpenFOAM.org                      |
|    \\/     M anipulation  |                                                 |
\*---------------------------------------------------------------------------*/
FoamFile
{
    version     2.0;
    format      ascii;
    class       faceSet;
    location    "constant/polyMesh/sets";
    object      nonOrthoFaces;
}
// * * * * * * * * * * * * * * * * * * * * * * * * * * * * * * * * * * * * * //


248
(
1492 
1496 
1500 
1504 
1508 
1512 
1516 
1520 
1613 
1617 
1621 
1625 
1629 
1633 
1637 
1641 
21135 
21138 
21432 
21435 
21438 
21441 
21444 
21667 
21671 
21675 
21679 
21763 
21766 
21769 
21772 
21775 
21778 
21781 
21784 
21854 
21857 
21860 
21863 
21866 
21869 
21872 
21875 
21945 
21948 
21951 
21954 
21957 
21960 
21963 
22036 
22039 
22042 
22045 
22048 
22051 
22054 
22057 
22133 
22136 
22139 
22142 
22235 
22239 
22243 
22247 
22251 
22255 
22259 
22263 
22336 
22339 
22342 
22345 
22348 
22351 
22354 
22357 
22360 
22427 
22430 
22433 
22436 
22439 
22442 
22445 
22448 
22451 
22709 
22712 
22715 
22718 
22777 
22779 
22781 
22783 
22785 
22787 
22789 
22791 
22855 
22858 
22861 
22864 
22867 
22870 
22873 
22876 
22952 
22955 
22958 
22961 
252362 
252366 
252370 
252374 
252378 
252382 
252462 
252465 
252468 
252471 
252474 
252477 
252480 
252483 
23134 
23137 
23140 
23143 
23222 
23225 
23228 
23231 
23234 
23237 
23313 
23316 
23319 
23322 
23325 
23328 
23401 
23404 
23407 
23410 
23413 
23416 
23419 
23479 
23481 
23483 
23485 
252942 
252946 
252950 
252954 
253059 
253063 
253067 
253071 
253075 
253079 
253156 
253159 
253162 
253165 
253168 
253171 
253174 
253177 
253180 
253183 
253247 
253250 
253253 
253256 
253259 
253262 
253265 
253268 
253271 
253274 
253358 
253362 
253366 
253370 
253374 
253378 
253382 
253812 
253816 
253820 
253824 
253828 
253832 
253836 
253840 
253916 
253919 
253922 
253925 
253928 
253931 
253934 
253937 
254032 
254036 
254040 
254044 
254134 
254137 
254140 
254583 
254586 
254589 
254592 
254595 
254598 
254601 
254674 
254677 
254680 
254683 
254686 
254689 
254692 
254695 
254765 
254768 
254771 
254774 
254777 
254780 
254783 
254786 
254859 
254862 
254865 
254868 
254871 
254874 
255283 
255286 
255289 
255292 
255295 
255298 
)

// ************************************************************************* //
